.Random.seed <-
c(403L, 12L, -768467281L, -641459099L, 1981205532L, -1005395342L, 
1291637997L, -1479520985L, 1201862990L, 1394055592L, 1439079851L, 
-1914980663L, 1646341848L, 1936405382L, 2091689569L, 122757107L, 
683446882L, 1426875604L, -1787230761L, -2592819L, -1889801372L, 
-530698422L, 1108768437L, -1968738801L, -2064957674L, 1075374528L, 
356252035L, 1420754849L, 2093690768L, -104721298L, 45703705L, 
-1286198613L, -1113444710L, -1443354020L, 1676310367L, -2027124427L, 
-1716000564L, -1875307998L, 601853053L, -388139657L, 1801763486L, 
-1640965800L, -1841651525L, 1252515417L, -1473270296L, -708544490L, 
-1730296943L, 1546775619L, -1555774638L, 573556708L, 1637561895L, 
342560381L, -4477068L, 5587802L, 882029989L, 1180398015L, -1098417594L, 
-1206019888L, 1744532211L, 1711367185L, -983240128L, 230483486L, 
2136060137L, 2139542043L, 1342714410L, -1422502580L, -948259057L, 
1430485573L, 414198780L, -1083657646L, -1647112243L, -823883385L, 
-748913554L, 1871660104L, -1704042933L, -549203031L, -1045308680L, 
1002745382L, 443926337L, -370242349L, 718966914L, 610660020L, 
721521207L, 1048187181L, -1622465980L, -637010070L, 1896336341L, 
-1611657873L, 1033812086L, -659172448L, 146097251L, 1955909889L, 
-421536656L, 1723062286L, -1737676679L, -380196853L, 206080314L, 
2021824572L, -877801601L, -1821834027L, -15623956L, -409546174L, 
801011101L, -1635127273L, -326425218L, 2072738616L, -680016869L, 
2111249785L, 1436838856L, 1789884406L, -275686863L, 607800419L, 
2020422706L, 482103684L, -1702930489L, 947051165L, -1464948204L, 
1815955642L, -1103915771L, -785170721L, 277332838L, -805559568L, 
-712228333L, 2104159153L, -1126263200L, -378629122L, 1935379337L, 
-1313579845L, -871868278L, -250328212L, -2039910161L, -972547291L, 
-1083570724L, -1581620302L, 99666605L, 1735500391L, 828965262L, 
1222231656L, -204836245L, 820694025L, -401968488L, 243664326L, 
2038924577L, -1081793101L, -315002590L, -930526444L, 956494743L, 
522124173L, 1273300644L, -60954486L, 1235226357L, 1269338447L, 
960618070L, -7224064L, -541614013L, 1883526113L, -1224152240L, 
816545198L, -961768615L, -631285397L, -1649000230L, -2103514724L, 
1538913695L, -343390219L, 563725964L, -436898974L, -1062593731L, 
-1148613705L, 253214814L, -397501032L, -755857157L, -1444293479L, 
1484453160L, -694561834L, -1453832111L, -1977136381L, -1886123374L, 
1172183076L, -1666242841L, -286713027L, -100121676L, -1206579174L, 
-326503579L, 815746559L, -1403371386L, -1825387504L, 975122099L, 
-1222050479L, 1786434816L, -2056765474L, 1447574569L, -971220005L, 
-2076974870L, -73126260L, -443895345L, 700843397L, 1807195708L, 
-1581714670L, -929779L, -68955321L, -1718343378L, 1770963080L, 
1858291083L, 25124201L, 843353912L, -32247322L, 973497729L, -1911768813L, 
1873934018L, 381186420L, -1423865481L, 1284602477L, 519353604L, 
1685688362L, 1969442197L, -1018080721L, -896622794L, -580427936L, 
1308632483L, 1078988481L, -448026960L, 1180303822L, -343673543L, 
1257236811L, 1822415610L, 605838332L, -1392239553L, -220101355L, 
1427369516L, 2064085288L, -50346950L, -598316080L, -722789780L, 
-1810410956L, -1519953262L, -1909627552L, 359618892L, -575920160L, 
-1115998814L, -1584843352L, 343660172L, -1399390788L, 1508298354L, 
-1310493712L, 324464196L, 1986785368L, -1643677638L, 1569185904L, 
-1561257924L, -1735876332L, -1600675134L, 1302652640L, 313997436L, 
-98683184L, 635124130L, -1180489688L, -471299316L, -433436228L, 
-458419406L, 186153664L, -2053542860L, -100503864L, -1025231686L, 
273700496L, -1852317972L, -50771372L, -1360317806L, -244369120L, 
-1732427316L, 1132765920L, 960884930L, 104803368L, -600238164L, 
260938428L, 926338034L, 52672048L, 1399242660L, -744288840L, 
207177562L, 1368494224L, 930839420L, -325525228L, 1593997634L, 
2100412672L, -1539174980L, -696327856L, 1632524578L, 28236360L, 
1121071116L, -185903524L, 572246482L, -1006504448L, -651758252L, 
1375431912L, 1140211962L, -597547312L, -22394068L, 227578100L, 
-1133635182L, 1477426528L, 1717308428L, 1648803040L, -490364318L, 
310510760L, 1593900108L, -122546308L, -1540351694L, -1922477456L, 
1467077444L, -565972008L, 1932591994L, 1092651056L, -1754959940L, 
-1575902636L, -1695788990L, -2130121056L, -1891376452L, -268284976L, 
1982176610L, 1256808168L, 454081740L, 231870972L, -484721166L, 
-1433336704L, 1083394548L, 219241096L, -47953094L, 922619216L, 
-856380308L, -893147756L, -566886318L, 2091417056L, 12498124L, 
2078645920L, 143544706L, -2100643608L, 901708524L, 617325884L, 
233853042L, -147598736L, 1083869732L, 1553143864L, 302491930L, 
466896080L, 105187644L, 2015191956L, -122292350L, -1425372224L, 
-1532787140L, 2001052048L, 1124931618L, 1375315208L, -1642407796L, 
-1321988324L, -769428334L, 1077859712L, -1731948524L, 767366952L, 
-1898650054L, 680718800L, -821872276L, -1307479116L, 1217645074L, 
-395237408L, 1937304012L, 903919840L, 1506544674L, 452449064L, 
2014779916L, -1877834948L, -657416206L, 544060144L, -1167844796L, 
-2039386536L, 568563514L, -289280016L, -171531588L, -1895983852L, 
1124916418L, -247059360L, -1927924356L, 137547728L, 1266376994L, 
938661544L, 1428617100L, 333018300L, -279442638L, 752518720L, 
-1440262988L, -1966160824L, -482867782L, -767333872L, -1274610452L, 
339771732L, -1082887406L, -876999264L, -900728116L, 2135505504L, 
-1521279038L, -1204735192L, -394864212L, 591228220L, -1087751310L, 
209026352L, 1980598052L, 456049976L, -1362630950L, 1701707664L, 
-2082292996L, 1986448276L, 1512023106L, 193213696L, -328607684L, 
-1825112752L, -684985182L, -1601098936L, -2081218804L, -2064285988L, 
-701116590L, 1063564928L, -140748716L, 580527080L, 1607801594L, 
-673741488L, -796528852L, 1113957236L, -251825262L, 370803296L, 
1389148044L, -1132234912L, 949892066L, -1847481432L, -540754740L, 
-160220676L, -1989048398L, -324856336L, 134067652L, 379734360L, 
1170693498L, -957579856L, 213971900L, -2039308204L, -562442302L, 
352210976L, -2069737284L, -1551938992L, 959412194L, 1092542056L, 
689114700L, 273039612L, 107350002L, -807672576L, 1168462708L, 
1529745416L, -844099142L, -510349872L, 96825798L, 967024755L, 
-1895429419L, 1621907634L, -565769088L, 162599017L, -1102328613L, 
-286752724L, -2091270086L, 200883951L, -1195896455L, -579240434L, 
-1623638052L, -1844185011L, -362964041L, -609434304L, 2070381598L, 
1311335147L, 689998445L, 795466458L, -1489419624L, 336740609L, 
925132467L, -1811779116L, -1336057630L, -978511497L, -1105770303L, 
1336300614L, -896713852L, 1220472117L, 867162911L, 1018310264L, 
-1196666026L, 665508323L, 1691316133L, 2047012418L, -185707472L, 
848423001L, -1485224501L, 1357973052L, 1215461482L, -669171041L, 
747245353L, 1306833854L, 921698988L, -328863747L, 1570174791L, 
-2038335440L, -1346383538L, -1575315077L, 446226141L, -204908790L, 
-1986695640L, -313035119L, 115596931L, 1326800772L, -1907681870L, 
-1379894521L, 1687826769L, -1112340266L, -763042380L, -1670471227L, 
-661606129L, 137293704L, 181845670L, -1286361517L, -797634635L, 
1655291154L, 772941536L, 1838709577L, 1857246587L, -1434550196L, 
1992333786L, 524604367L, 269958553L, -660666962L, -1884728644L, 
874066733L, -756260649L, -1113954016L, -2125107586L, -2097538997L, 
24822349L, 654254202L, -1848266568L, 2013381217L, -1119307757L, 
215275060L, -1613848510L, -175366057L, 1149162401L, -1396059034L, 
1940905060L, 1104500629L, -1581547329L, -2019958696L, 1904075894L, 
65612931L, 1245330629L, 80304610L, -876838832L, 180257145L, 2022545067L, 
-1288880612L, 1101683018L, -1753933505L, -1349001335L, -707068002L, 
306146892L, -1355581411L, -431396441L, -1355060016L, 1773579886L, 
-1530627813L, 561126013L, -671604630L, 1943801096L, 178403761L, 
-878858717L, 1450437412L, 1257348050L, -1869633497L, 1653727857L, 
2055801014L, -351686572L, 777720037L, 1257344239L, 147349544L, 
489297030L, 1547955L, 119578645L, 1203565170L, -1897324864L, 
-1939213527L, -26435173L, -1853639060L, 1629452922L, -795993169L, 
661552825L, -1368461106L, -1453020644L, 755868045L, 1837920247L, 
275968768L, -720942754L, -2072663509L, -885496531L, 1936751002L, 
